Timestamp,Math_Label,Longitude,Latitude,Yaw,Gyro_z,X_Coord,North_Velocity,Y_Coord,East_Velocity,Psid,Vd,Rd,Delta_D,Vol_D,Delta_C,USV_Velocity,Delta,Vol
Timestamp,Math_Label,Longitude,Latitude,Yaw,Gyro_z,X_Coord,North_Velocity,Y_Coord,East_Velocity,Psid,Vd,Rd,Delta_D,Vol_D,Delta_C,USV_Velocity,Delta,Vol
Timestamp,Math_Label,Longitude,Latitude,Yaw,Gyro_z,X_Coord,North_Velocity,Y_Coord,East_Velocity,Psid,Vd,Rd,Delta_D,Vol_D,Delta_C,USV_Velocity,Delta,Vol
Timestamp,Math_Label,Longitude,Latitude,Yaw,Gyro_z,X_Coord,North_Velocity,Y_Coord,East_Velocity,Psid,Vd,Rd,Delta_D,Vol_D,Delta_C,USV_Velocity,Delta,Vol
1970-01-01 04:26:14,0，0.00000000,0.00000000,0.000,0.000,-5090454.816,0.000,-9824023.011,0.000,0.000,0.000,0.000,0.000,0.000,0.000,0.000,0.000,0.000
1970-01-01 04:26:14,0，0.00000000,0.00000000,0.000,0.000,-5090454.816,0.000,-9824023.011,0.000,0.000,0.000,0.000,0.000,0.000,0.000,0.000,0.000,0.000
1970-01-01 04:26:14,0，0.00000000,0.00000000,0.000,0.000,-5090454.816,0.000,-9824023.011,0.000,0.000,0.000,0.000,0.000,0.000,0.000,0.000,0.000,0.000
1970-01-01 04:26:14,0，0.00000000,0.00000000,0.000,0.000,-5090454.816,0.000,-9824023.011,0.000,0.000,0.000,0.000,0.000,0.000,0.000,0.000,0.000,0.000
1970-01-01 04:26:14,0，0.00000000,0.00000000,0.000,0.000,-5090454.816,0.000,-9824023.011,0.000,0.000,0.000,0.000,0.000,0.000,0.000,0.000,0.000,0.000
1970-01-01 04:26:14,0，0.00000000,0.00000000,0.000,0.000,-5090454.816,0.000,-9824023.011,0.000,0.000,0.000,0.000,0.000,0.000,0.000,0.000,0.000,0.000
1970-01-01 04:26:14,0，0.00000000,0.00000000,0.000,0.000,-5090454.816,0.000,-9824023.011,0.000,0.000,0.000,0.000,0.000,0.000,0.000,0.000,0.000,0.000
1970-01-01 04:26:14,0，0.00000000,0.00000000,0.000,0.000,-5090454.816,0.000,-9824023.011,0.000,0.000,0.000,0.000,0.000,0.000,0.000,0.000,0.000,0.000
1970-01-01 04:26:14,0，0.00000000,0.00000000,0.000,0.000,-5090454.816,0.000,-9824023.011,0.000,0.000,0.000,0.000,0.000,0.000,0.000,0.000,0.000,0.000
1970-01-01 04:26:14,0，0.00000000,0.00000000,0.000,0.000,-5090454.816,0.000,-9824023.011,0.000,0.000,0.000,0.000,0.000,0.000,0.000,0.000,0.000,0.000
1970-01-01 04:26:15,0，0.00000000,0.00000000,0.000,0.000,-5090454.816,0.000,-9824023.011,0.000,0.000,0.000,0.000,0.000,0.000,0.000,0.000,0.000,0.000
1970-01-01 04:26:15,0，0.00000000,0.00000000,0.000,0.000,-5090454.816,0.000,-9824023.011,0.000,0.000,0.000,0.000,0.000,0.000,0.000,0.000,0.000,0.000
1970-01-01 04:26:15,0，0.00000000,0.00000000,0.000,0.000,-5090454.816,0.000,-9824023.011,0.000,0.000,0.000,0.000,0.000,0.000,0.000,0.000,0.000,0.000
1970-01-01 04:26:15,0，0.00000000,0.00000000,0.000,0.000,-5090454.816,0.000,-9824023.011,0.000,0.000,0.000,0.000,0.000,0.000,0.000,0.000,0.000,0.000
1970-01-01 04:26:15,0，0.00000000,0.00000000,0.000,0.000,-5090454.816,0.000,-9824023.011,0.000,0.000,0.000,0.000,0.000,0.000,0.000,0.000,0.000,0.000
1970-01-01 04:26:15,0，0.00000000,0.00000000,0.000,0.000,-5090454.816,0.000,-9824023.011,0.000,0.000,0.000,0.000,0.000,0.000,0.000,0.000,0.000,0.000
1970-01-01 04:26:15,0，0.00000000,0.00000000,0.000,0.000,-5090454.816,0.000,-9824023.011,0.000,0.000,0.000,0.000,0.000,0.000,0.000,0.000,0.000,0.000
1970-01-01 04:26:15,0，0.00000000,0.00000000,0.000,0.000,-5090454.816,0.000,-9824023.011,0.000,0.000,0.000,0.000,0.000,0.000,0.000,0.000,0.000,0.000
1970-01-01 04:26:15,0，0.00000000,0.00000000,0.000,0.000,-5090454.816,0.000,-9824023.011,0.000,0.000,0.000,0.000,0.000,0.000,0.000,0.000,0.000,0.000
1970-01-01 04:26:15,0，0.00000000,0.00000000,0.000,0.000,-5090454.816,0.000,-9824023.011,0.000,0.000,0.000,0.000,0.000,0.000,0.000,0.000,0.000,0.000
1970-01-01 04:26:16,0，0.00000000,0.00000000,0.000,0.000,-5090454.816,0.000,-9824023.011,0.000,0.000,0.000,0.000,0.000,0.000,0.000,0.000,0.000,0.000
1970-01-01 04:26:16,0，0.00000000,0.00000000,0.000,0.000,-5090454.816,0.000,-9824023.011,0.000,0.000,0.000,0.000,0.000,0.000,0.000,0.000,0.000,0.000
1970-01-01 04:26:16,0，0.00000000,0.00000000,0.000,0.000,-5090454.816,0.000,-9824023.011,0.000,0.000,0.000,0.000,0.000,0.000,0.000,0.000,0.000,0.000
1970-01-01 04:26:16,0，0.00000000,0.00000000,0.000,0.000,-5090454.816,0.000,-9824023.011,0.000,0.000,0.000,0.000,0.000,0.000,0.000,0.000,0.000,0.000
1970-01-01 04:26:16,0，0.00000000,0.00000000,0.000,0.000,-5090454.816,0.000,-9824023.011,0.000,0.000,0.000,0.000,0.000,0.000,0.000,0.000,0.000,0.000
1970-01-01 04:26:16,0，0.00000000,0.00000000,0.000,0.000,-5090454.816,0.000,-9824023.011,0.000,0.000,0.000,0.000,0.000,0.000,0.000,0.000,0.000,0.000
1970-01-01 04:26:16,0，0.00000000,0.00000000,0.000,0.000,-5090454.816,0.000,-9824023.011,0.000,0.000,0.000,0.000,0.000,0.000,0.000,0.000,0.000,0.000
1970-01-01 04:26:16,0，0.00000000,0.00000000,0.000,0.000,-5090454.816,0.000,-9824023.011,0.000,0.000,0.000,0.000,0.000,0.000,0.000,0.000,0.000,0.000
1970-01-01 04:26:16,0，0.00000000,0.00000000,0.000,0.000,-5090454.816,0.000,-9824023.011,0.000,0.000,0.000,0.000,0.000,0.000,0.000,0.000,0.000,0.000
1970-01-01 04:26:16,0，0.00000000,0.00000000,0.000,0.000,-5090454.816,0.000,-9824023.011,0.000,0.000,0.000,0.000,0.000,0.000,0.000,0.000,0.000,0.000
1970-01-01 04:26:17,0，0.00000000,0.00000000,0.000,0.000,-5090454.816,0.000,-9824023.011,0.000,0.000,0.000,0.000,0.000,0.000,0.000,0.000,0.000,0.000
1970-01-01 04:26:17,0，0.00000000,0.00000000,0.000,0.000,-5090454.816,0.000,-9824023.011,0.000,0.000,0.000,0.000,0.000,0.000,0.000,0.000,0.000,0.000
1970-01-01 04:26:17,0，0.00000000,0.00000000,0.000,0.000,-5090454.816,0.000,-9824023.011,0.000,0.000,0.000,0.000,0.000,0.000,0.000,0.000,0.000,0.000
1970-01-01 04:26:17,0，0.00000000,0.00000000,0.000,0.000,-5090454.816,0.000,-9824023.011,0.000,0.000,0.000,0.000,0.000,0.000,0.000,0.000,0.000,0.000
1970-01-01 04:26:17,0，0.00000000,0.00000000,0.000,0.000,-5090454.816,0.000,-9824023.011,0.000,0.000,0.000,0.000,0.000,0.000,0.000,0.000,0.000,0.000
1970-01-01 04:26:17,0，0.00000000,0.00000000,0.000,0.000,-5090454.816,0.000,-9824023.011,0.000,0.000,0.000,0.000,0.000,0.000,0.000,0.000,0.000,0.000
1970-01-01 04:26:17,0，0.00000000,0.00000000,0.000,0.000,-5090454.816,0.000,-9824023.011,0.000,0.000,0.000,0.000,0.000,0.000,0.000,0.000,0.000,0.000
1970-01-01 04:26:17,0，0.00000000,0.00000000,0.000,0.000,-5090454.816,0.000,-9824023.011,0.000,0.000,0.000,0.000,0.000,0.000,0.000,0.000,0.000,0.000
1970-01-01 04:26:17,0，0.00000000,0.00000000,0.000,0.000,-5090454.816,0.000,-9824023.011,0.000,0.000,0.000,0.000,0.000,0.000,0.000,0.000,0.000,0.000
1970-01-01 04:26:17,0，0.00000000,0.00000000,0.000,0.000,-5090454.816,0.000,-9824023.011,0.000,0.000,0.000,0.000,0.000,0.000,0.000,0.000,0.000,0.000
1970-01-01 04:26:18,0，0.00000000,0.00000000,0.000,0.000,-5090454.816,0.000,-9824023.011,0.000,0.000,0.000,0.000,0.000,0.000,0.000,0.000,0.000,0.000
1970-01-01 04:26:18,0，0.00000000,0.00000000,0.000,0.000,-5090454.816,0.000,-9824023.011,0.000,0.000,0.000,0.000,0.000,0.000,0.000,0.000,0.000,0.000
1970-01-01 04:26:18,0，0.00000000,0.00000000,0.000,0.000,-5090454.816,0.000,-9824023.011,0.000,0.000,0.000,0.000,0.000,0.000,0.000,0.000,0.000,0.000
1970-01-01 04:26:18,0，0.00000000,0.00000000,0.000,0.000,-5090454.816,0.000,-9824023.011,0.000,0.000,0.000,0.000,0.000,0.000,0.000,0.000,0.000,0.000
1970-01-01 04:26:18,0，0.00000000,0.00000000,0.000,0.000,-5090454.816,0.000,-9824023.011,0.000,0.000,0.000,0.000,0.000,0.000,0.000,0.000,0.000,0.000
1970-01-01 04:26:18,0，0.00000000,0.00000000,0.000,0.000,-5090454.816,0.000,-9824023.011,0.000,0.000,0.000,0.000,0.000,0.000,0.000,0.000,0.000,0.000
1970-01-01 04:26:18,0，0.00000000,0.00000000,0.000,0.000,-5090454.816,0.000,-9824023.011,0.000,0.000,0.000,0.000,0.000,0.000,0.000,0.000,0.000,0.000
1970-01-01 04:26:18,0，0.00000000,0.00000000,0.000,0.000,-5090454.816,0.000,-9824023.011,0.000,0.000,0.000,0.000,0.000,0.000,0.000,0.000,0.000,0.000
1970-01-01 04:26:18,0，0.00000000,0.00000000,0.000,0.000,-5090454.816,0.000,-9824023.011,0.000,0.000,0.000,0.000,0.000,0.000,0.000,0.000,0.000,0.000
1970-01-01 04:26:19,0，0.00000000,0.00000000,0.000,0.000,-5090454.816,0.000,-9824023.011,0.000,0.000,0.000,0.000,0.000,0.000,0.000,0.000,0.000,0.000
1970-01-01 04:26:19,0，0.00000000,0.00000000,0.000,0.000,-5090454.816,0.000,-9824023.011,0.000,0.000,0.000,0.000,0.000,0.000,0.000,0.000,0.000,0.000
1970-01-01 04:26:19,0，0.00000000,0.00000000,0.000,0.000,-5090454.816,0.000,-9824023.011,0.000,0.000,0.000,0.000,0.000,0.000,0.000,0.000,0.000,0.000
1970-01-01 04:26:19,0，0.00000000,0.00000000,0.000,0.000,-5090454.816,0.000,-9824023.011,0.000,0.000,0.000,0.000,0.000,0.000,0.000,0.000,0.000,0.000
1970-01-01 04:26:19,0，0.00000000,0.00000000,0.000,0.000,-5090454.816,0.000,-9824023.011,0.000,0.000,0.000,0.000,0.000,0.000,0.000,0.000,0.000,0.000
1970-01-01 04:26:19,0，0.00000000,0.00000000,0.000,0.000,-5090454.816,0.000,-9824023.011,0.000,0.000,0.000,0.000,0.000,0.000,0.000,0.000,0.000,0.000
1970-01-01 04:26:19,0，0.00000000,0.00000000,0.000,0.000,-5090454.816,0.000,-9824023.011,0.000,0.000,0.000,0.000,0.000,0.000,0.000,0.000,0.000,0.000
1970-01-01 04:26:19,0，0.00000000,0.00000000,0.000,0.000,-5090454.816,0.000,-9824023.011,0.000,0.000,0.000,0.000,0.000,0.000,0.000,0.000,0.000,0.000
1970-01-01 04:26:19,0，0.00000000,0.00000000,0.000,0.000,-5090454.816,0.000,-9824023.011,0.000,0.000,0.000,0.000,0.000,0.000,0.000,0.000,0.000,0.000
1970-01-01 04:26:19,0，0.00000000,0.00000000,0.000,0.000,-5090454.816,0.000,-9824023.011,0.000,0.000,0.000,0.000,0.000,0.000,0.000,0.000,0.000,0.000
1970-01-01 04:26:20,0，0.00000000,0.00000000,0.000,0.000,-5090454.816,0.000,-9824023.011,0.000,0.000,0.000,0.000,0.000,0.000,0.000,0.000,0.000,0.000
1970-01-01 04:26:20,0，0.00000000,0.00000000,0.000,0.000,-5090454.816,0.000,-9824023.011,0.000,0.000,0.000,0.000,0.000,0.000,0.000,0.000,0.000,0.000
1970-01-01 04:26:20,0，0.00000000,0.00000000,0.000,0.000,-5090454.816,0.000,-9824023.011,0.000,0.000,0.000,0.000,0.000,0.000,0.000,0.000,0.000,0.000
1970-01-01 04:26:20,0，0.00000000,0.00000000,0.000,0.000,-5090454.816,0.000,-9824023.011,0.000,0.000,0.000,0.000,0.000,0.000,0.000,0.000,0.000,0.000
1970-01-01 04:26:20,0，0.00000000,0.00000000,0.000,0.000,-5090454.816,0.000,-9824023.011,0.000,0.000,0.000,0.000,0.000,0.000,0.000,0.000,0.000,0.000
1970-01-01 04:26:20,0，0.00000000,0.00000000,0.000,0.000,-5090454.816,0.000,-9824023.011,0.000,0.000,0.000,0.000,0.000,0.000,0.000,0.000,0.000,0.000
1970-01-01 04:26:20,0，0.00000000,0.00000000,0.000,0.000,-5090454.816,0.000,-9824023.011,0.000,0.000,0.000,0.000,0.000,0.000,0.000,0.000,0.000,0.000
1970-01-01 04:26:20,0，0.00000000,0.00000000,0.000,0.000,-5090454.816,0.000,-9824023.011,0.000,0.000,0.000,0.000,0.000,0.000,0.000,0.000,0.000,0.000
1970-01-01 04:26:20,0，0.00000000,0.00000000,0.000,0.000,-5090454.816,0.000,-9824023.011,0.000,0.000,0.000,0.000,0.000,0.000,0.000,0.000,0.000,0.000
1970-01-01 04:26:20,0，0.00000000,0.00000000,0.000,0.000,-5090454.816,0.000,-9824023.011,0.000,0.000,0.000,0.000,0.000,0.000,0.000,0.000,0.000,0.000
1970-01-01 04:26:21,0，0.00000000,0.00000000,0.000,0.000,-5090454.816,0.000,-9824023.011,0.000,0.000,0.000,0.000,0.000,0.000,0.000,0.000,0.000,0.000
1970-01-01 04:26:21,0，0.00000000,0.00000000,0.000,0.000,-5090454.816,0.000,-9824023.011,0.000,0.000,0.000,0.000,0.000,0.000,0.000,0.000,0.000,0.000
1970-01-01 04:26:21,0，0.00000000,0.00000000,0.000,0.000,-5090454.816,0.000,-9824023.011,0.000,0.000,0.000,0.000,0.000,0.000,0.000,0.000,0.000,0.000
1970-01-01 04:26:21,0，0.00000000,0.00000000,0.000,0.000,-5090454.816,0.000,-9824023.011,0.000,0.000,0.000,0.000,0.000,0.000,0.000,0.000,0.000,0.000
1970-01-01 04:26:21,0，0.00000000,0.00000000,0.000,0.000,-5090454.816,0.000,-9824023.011,0.000,0.000,0.000,0.000,0.000,0.000,0.000,0.000,0.000,0.000
1970-01-01 04:26:21,0，0.00000000,0.00000000,0.000,0.000,-5090454.816,0.000,-9824023.011,0.000,0.000,0.000,0.000,0.000,0.000,0.000,0.000,0.000,0.000
1970-01-01 04:26:21,0，0.00000000,0.00000000,0.000,0.000,-5090454.816,0.000,-9824023.011,0.000,0.000,0.000,0.000,0.000,0.000,0.000,0.000,0.000,0.000
1970-01-01 04:26:21,0，0.00000000,0.00000000,0.000,0.000,-5090454.816,0.000,-9824023.011,0.000,0.000,0.000,0.000,0.000,0.000,0.000,0.000,0.000,0.000
1970-01-01 04:26:21,0，0.00000000,0.00000000,0.000,0.000,-5090454.816,0.000,-9824023.011,0.000,0.000,0.000,0.000,0.000,0.000,0.000,0.000,0.000,0.000
1970-01-01 04:26:21,0，0.00000000,0.00000000,0.000,0.000,-5090454.816,0.000,-9824023.011,0.000,0.000,0.000,0.000,0.000,0.000,0.000,0.000,0.000,0.000
1970-01-01 04:26:22,0，0.00000000,0.00000000,0.000,0.000,-5090454.816,0.000,-9824023.011,0.000,0.000,0.000,0.000,0.000,0.000,0.000,0.000,0.000,0.000
1970-01-01 04:26:22,0，0.00000000,0.00000000,0.000,0.000,-5090454.816,0.000,-9824023.011,0.000,0.000,0.000,0.000,0.000,0.000,0.000,0.000,0.000,0.000
1970-01-01 04:26:22,0，0.00000000,0.00000000,0.000,0.000,-5090454.816,0.000,-9824023.011,0.000,0.000,0.000,0.000,0.000,0.000,0.000,0.000,0.000,0.000
1970-01-01 04:26:22,0，0.00000000,0.00000000,0.000,0.000,-5090454.816,0.000,-9824023.011,0.000,0.000,0.000,0.000,0.000,0.000,0.000,0.000,0.000,0.000
1970-01-01 04:26:22,0，0.00000000,0.00000000,0.000,0.000,-5090454.816,0.000,-9824023.011,0.000,0.000,0.000,0.000,0.000,0.000,0.000,0.000,0.000,0.000
1970-01-01 04:26:22,0，0.00000000,0.00000000,0.000,0.000,-5090454.816,0.000,-9824023.011,0.000,0.000,0.000,0.000,0.000,0.000,0.000,0.000,0.000,0.000
1970-01-01 04:26:22,0，0.00000000,0.00000000,0.000,0.000,-5090454.816,0.000,-9824023.011,0.000,0.000,0.000,0.000,0.000,0.000,0.000,0.000,0.000,0.000
1970-01-01 04:26:22,0，0.00000000,0.00000000,0.000,0.000,-5090454.816,0.000,-9824023.011,0.000,0.000,0.000,0.000,0.000,0.000,0.000,0.000,0.000,0.000
1970-01-01 04:26:22,0，0.00000000,0.00000000,0.000,0.000,-5090454.816,0.000,-9824023.011,0.000,0.000,0.000,0.000,0.000,0.000,0.000,0.000,0.000,0.000
1970-01-01 04:26:22,0，0.00000000,0.00000000,0.000,0.000,-5090454.816,0.000,-9824023.011,0.000,0.000,0.000,0.000,0.000,0.000,0.000,0.000,0.000,0.000
1970-01-01 04:26:23,0，0.00000000,0.00000000,0.000,0.000,-5090454.816,0.000,-9824023.011,0.000,0.000,0.000,0.000,0.000,0.000,0.000,0.000,0.000,0.000
1970-01-01 04:26:23,0，0.00000000,0.00000000,0.000,0.000,-5090454.816,0.000,-9824023.011,0.000,0.000,0.000,0.000,0.000,0.000,0.000,0.000,0.000,0.000
1970-01-01 04:26:23,0，0.00000000,0.00000000,0.000,0.000,-5090454.816,0.000,-9824023.011,0.000,0.000,0.000,0.000,0.000,0.000,0.000,0.000,0.000,0.000
1970-01-01 04:26:23,0，0.00000000,0.00000000,0.000,0.000,-5090454.816,0.000,-9824023.011,0.000,0.000,0.000,0.000,0.000,0.000,0.000,0.000,0.000,0.000
1970-01-01 04:26:23,0，0.00000000,0.00000000,0.000,0.000,-5090454.816,0.000,-9824023.011,0.000,0.000,0.000,0.000,0.000,0.000,0.000,0.000,0.000,0.000
1970-01-01 04:26:23,0，0.00000000,0.00000000,0.000,0.000,-5090454.816,0.000,-9824023.011,0.000,0.000,0.000,0.000,0.000,0.000,0.000,0.000,0.000,0.000
1970-01-01 04:26:23,0，0.00000000,0.00000000,0.000,0.000,-5090454.816,0.000,-9824023.011,0.000,0.000,0.000,0.000,0.000,0.000,0.000,0.000,0.000,0.000
1970-01-01 04:26:23,0，0.00000000,0.00000000,0.000,0.000,-5090454.816,0.000,-9824023.011,0.000,0.000,0.000,0.000,0.000,0.000,0.000,0.000,0.000,0.000
1970-01-01 04:26:23,0，0.00000000,0.00000000,0.000,0.000,-5090454.816,0.000,-9824023.011,0.000,0.000,0.000,0.000,0.000,0.000,0.000,0.000,0.000,0.000
1970-01-01 04:26:23,0，0.00000000,0.00000000,0.000,0.000,-5090454.816,0.000,-9824023.011,0.000,0.000,0.000,0.000,0.000,0.000,0.000,0.000,0.000,0.000
Timestamp,Math_Label,Longitude,Latitude,Yaw,Gyro_z,X_Coord,North_Velocity,Y_Coord,East_Velocity,Psid,Vd,Rd,Delta_D,Vol_D,Delta_C,USV_Velocity,Delta,Vol
Timestamp,Math_Label,Longitude,Latitude,Yaw,Gyro_z,X_Coord,North_Velocity,Y_Coord,East_Velocity,Psid,Vd,Rd,Delta_D,Vol_D,Delta_C,USV_Velocity,Delta,Vol
1970-01-01 04:38:24,0，0.00000000,0.00000000,0.000,0.000,-5090454.816,0.000,-9824023.011,0.000,0.000,0.000,0.000,0.000,0.000,0.000,0.000,0.000,0.000
1970-01-01 04:38:24,0，0.00000000,0.00000000,0.000,0.000,-5090454.816,0.000,-9824023.011,0.000,0.000,0.000,0.000,0.000,0.000,0.000,0.000,0.000,0.000
1970-01-01 04:38:25,0，0.00000000,0.00000000,0.000,0.000,-5090454.816,0.000,-9824023.011,0.000,0.000,0.000,0.000,0.000,0.000,0.000,0.000,0.000,0.000
1970-01-01 04:38:25,0，0.00000000,0.00000000,0.000,0.000,-5090454.816,0.000,-9824023.011,0.000,0.000,0.000,0.000,0.000,0.000,0.000,0.000,0.000,0.000
1970-01-01 04:38:25,0，0.00000000,0.00000000,0.000,0.000,-5090454.816,0.000,-9824023.011,0.000,0.000,0.000,0.000,0.000,0.000,0.000,0.000,0.000,0.000
1970-01-01 04:38:25,0，0.00000000,0.00000000,0.000,0.000,-5090454.816,0.000,-9824023.011,0.000,0.000,0.000,0.000,0.000,0.000,0.000,0.000,0.000,0.000
1970-01-01 04:38:25,0，0.00000000,0.00000000,0.000,0.000,-5090454.816,0.000,-9824023.011,0.000,0.000,0.000,0.000,0.000,0.000,0.000,0.000,0.000,0.000
1970-01-01 04:38:25,0，0.00000000,0.00000000,0.000,0.000,-5090454.816,0.000,-9824023.011,0.000,0.000,0.000,0.000,0.000,0.000,0.000,0.000,0.000,0.000
1970-01-01 04:38:25,0，0.00000000,0.00000000,0.000,0.000,-5090454.816,0.000,-9824023.011,0.000,0.000,0.000,0.000,0.000,0.000,0.000,0.000,0.000,0.000
1970-01-01 04:38:25,0，0.00000000,0.00000000,0.000,0.000,-5090454.816,0.000,-9824023.011,0.000,0.000,0.000,0.000,0.000,0.000,0.000,0.000,0.000,0.000
1970-01-01 04:38:25,0，0.00000000,0.00000000,0.000,0.000,-5090454.816,0.000,-9824023.011,0.000,0.000,0.000,0.000,0.000,0.000,0.000,0.000,0.000,0.000
1970-01-01 04:38:25,0，0.00000000,0.00000000,0.000,0.000,-5090454.816,0.000,-9824023.011,0.000,0.000,0.000,0.000,0.000,0.000,0.000,0.000,0.000,0.000
1970-01-01 04:38:26,0，0.00000000,0.00000000,0.000,0.000,-5090454.816,0.000,-9824023.011,0.000,0.000,0.000,0.000,0.000,0.000,0.000,0.000,0.000,0.000
1970-01-01 04:38:26,0，0.00000000,0.00000000,0.000,0.000,-5090454.816,0.000,-9824023.011,0.000,0.000,0.000,0.000,0.000,0.000,0.000,0.000,0.000,0.000
1970-01-01 04:38:26,0，0.00000000,0.00000000,0.000,0.000,-5090454.816,0.000,-9824023.011,0.000,0.000,0.000,0.000,0.000,0.000,0.000,0.000,0.000,0.000
1970-01-01 04:38:26,0，0.00000000,0.00000000,0.000,0.000,-5090454.816,0.000,-9824023.011,0.000,0.000,0.000,0.000,0.000,0.000,0.000,0.000,0.000,0.000
1970-01-01 04:38:26,0，0.00000000,0.00000000,0.000,0.000,-5090454.816,0.000,-9824023.011,0.000,0.000,0.000,0.000,0.000,0.000,0.000,0.000,0.000,0.000
Timestamp,Math_Label,Longitude,Latitude,Yaw,Gyro_z,X_Coord,North_Velocity,Y_Coord,East_Velocity,Psid,Vd,Rd,Delta_D,Vol_D,Delta_C,USV_Velocity,Delta,Vol
1970-01-01 04:38:35,0，0.00000000,0.00000000,0.000,0.000,-5090454.816,0.000,-9824023.011,0.000,0.000,0.000,0.000,0.000,0.000,0.000,0.000,0.000,0.000
1970-01-01 04:38:35,0，0.00000000,0.00000000,0.000,0.000,-5090454.816,0.000,-9824023.011,0.000,0.000,0.000,0.000,0.000,0.000,0.000,0.000,0.000,0.000
1970-01-01 04:38:36,0，0.00000000,0.00000000,0.000,0.000,-5090454.816,0.000,-9824023.011,0.000,0.000,0.000,0.000,0.000,0.000,0.000,0.000,0.000,0.000
1970-01-01 04:38:36,0，0.00000000,0.00000000,0.000,0.000,-5090454.816,0.000,-9824023.011,0.000,0.000,0.000,0.000,0.000,0.000,0.000,0.000,0.000,0.000
1970-01-01 04:38:36,0，0.00000000,0.00000000,0.000,0.000,-5090454.816,0.000,-9824023.011,0.000,0.000,0.000,0.000,0.000,0.000,0.000,0.000,0.000,0.000
1970-01-01 04:38:36,0，0.00000000,0.00000000,0.000,0.000,-5090454.816,0.000,-9824023.011,0.000,0.000,0.000,0.000,0.000,0.000,0.000,0.000,0.000,0.000
1970-01-01 04:38:36,0，0.00000000,0.00000000,0.000,0.000,-5090454.816,0.000,-9824023.011,0.000,0.000,0.000,0.000,0.000,0.000,0.000,0.000,0.000,0.000
1970-01-01 04:38:36,0，0.00000000,0.00000000,0.000,0.000,-5090454.816,0.000,-9824023.011,0.000,0.000,0.000,0.000,0.000,0.000,0.000,0.000,0.000,0.000
1970-01-01 04:38:36,0，0.00000000,0.00000000,0.000,0.000,-5090454.816,0.000,-9824023.011,0.000,0.000,0.000,0.000,0.000,0.000,0.000,0.000,0.000,0.000
1970-01-01 04:38:36,0，0.00000000,0.00000000,0.000,0.000,-5090454.816,0.000,-9824023.011,0.000,0.000,0.000,0.000,0.000,0.000,0.000,0.000,0.000,0.000
1970-01-01 04:38:36,0，0.00000000,0.00000000,0.000,0.000,-5090454.816,0.000,-9824023.011,0.000,0.000,0.000,0.000,0.000,0.000,0.000,0.000,0.000,0.000
1970-01-01 04:38:37,0，0.00000000,0.00000000,0.000,0.000,-5090454.816,0.000,-9824023.011,0.000,0.000,0.000,0.000,0.000,0.000,0.000,0.000,0.000,0.000
1970-01-01 04:38:37,0，0.00000000,0.00000000,0.000,0.000,-5090454.816,0.000,-9824023.011,0.000,0.000,0.000,0.000,0.000,0.000,0.000,0.000,0.000,0.000
1970-01-01 04:38:37,0，0.00000000,0.00000000,0.000,0.000,-5090454.816,0.000,-9824023.011,0.000,0.000,0.000,0.000,0.000,0.000,0.000,0.000,0.000,0.000
1970-01-01 04:38:37,0，0.00000000,0.00000000,0.000,0.000,-5090454.816,0.000,-9824023.011,0.000,0.000,0.000,0.000,0.000,0.000,0.000,0.000,0.000,0.000
1970-01-01 04:38:37,0，0.00000000,0.00000000,0.000,0.000,-5090454.816,0.000,-9824023.011,0.000,0.000,0.000,0.000,0.000,0.000,0.000,0.000,0.000,0.000
1970-01-01 04:38:37,0，0.00000000,0.00000000,0.000,0.000,-5090454.816,0.000,-9824023.011,0.000,0.000,0.000,0.000,0.000,0.000,0.000,0.000,0.000,0.000
1970-01-01 04:38:37,0，0.00000000,0.00000000,0.000,0.000,-5090454.816,0.000,-9824023.011,0.000,0.000,0.000,0.000,0.000,0.000,0.000,0.000,0.000,0.000
1970-01-01 04:38:37,0，0.00000000,0.00000000,0.000,0.000,-5090454.816,0.000,-9824023.011,0.000,0.000,0.000,0.000,0.000,0.000,0.000,0.000,0.000,0.000
1970-01-01 04:38:37,0，0.00000000,0.00000000,0.000,0.000,-5090454.816,0.000,-9824023.011,0.000,0.000,0.000,0.000,0.000,0.000,0.000,0.000,0.000,0.000
1970-01-01 04:38:37,0，0.00000000,0.00000000,0.000,0.000,-5090454.816,0.000,-9824023.011,0.000,0.000,0.000,0.000,0.000,0.000,0.000,0.000,0.000,0.000
1970-01-01 04:38:38,0，0.00000000,0.00000000,0.000,0.000,-5090454.816,0.000,-9824023.011,0.000,0.000,0.000,0.000,0.000,0.000,0.000,0.000,0.000,0.000
1970-01-01 04:38:38,0，0.00000000,0.00000000,0.000,0.000,-5090454.816,0.000,-9824023.011,0.000,0.000,0.000,0.000,0.000,0.000,0.000,0.000,0.000,0.000
1970-01-01 04:38:38,0，0.00000000,0.00000000,0.000,0.000,-5090454.816,0.000,-9824023.011,0.000,0.000,0.000,0.000,0.000,0.000,0.000,0.000,0.000,0.000
1970-01-01 04:38:38,0，0.00000000,0.00000000,0.000,0.000,-5090454.816,0.000,-9824023.011,0.000,0.000,0.000,0.000,0.000,0.000,0.000,0.000,0.000,0.000
1970-01-01 04:38:38,0，0.00000000,0.00000000,0.000,0.000,-5090454.816,0.000,-9824023.011,0.000,0.000,0.000,0.000,0.000,0.000,0.000,0.000,0.000,0.000
1970-01-01 04:38:38,0，0.00000000,0.00000000,0.000,0.000,-5090454.816,0.000,-9824023.011,0.000,0.000,0.000,0.000,0.000,0.000,0.000,0.000,0.000,0.000
1970-01-01 04:38:38,0，0.00000000,0.00000000,0.000,0.000,-5090454.816,0.000,-9824023.011,0.000,0.000,0.000,0.000,0.000,0.000,0.000,0.000,0.000,0.000
1970-01-01 04:38:38,0，0.00000000,0.00000000,0.000,0.000,-5090454.816,0.000,-9824023.011,0.000,0.000,0.000,0.000,0.000,0.000,0.000,0.000,0.000,0.000
1970-01-01 04:38:38,0，0.00000000,0.00000000,0.000,0.000,-5090454.816,0.000,-9824023.011,0.000,0.000,0.000,0.000,0.000,0.000,0.000,0.000,0.000,0.000
1970-01-01 04:38:38,0，0.00000000,0.00000000,0.000,0.000,-5090454.816,0.000,-9824023.011,0.000,0.000,0.000,0.000,0.000,0.000,0.000,0.000,0.000,0.000
1970-01-01 04:38:39,0，0.00000000,0.00000000,0.000,0.000,-5090454.816,0.000,-9824023.011,0.000,0.000,0.000,0.000,0.000,0.000,0.000,0.000,0.000,0.000
1970-01-01 04:38:39,0，0.00000000,0.00000000,0.000,0.000,-5090454.816,0.000,-9824023.011,0.000,0.000,0.000,0.000,0.000,0.000,0.000,0.000,0.000,0.000
1970-01-01 04:38:39,0，0.00000000,0.00000000,0.000,0.000,-5090454.816,0.000,-9824023.011,0.000,0.000,0.000,0.000,0.000,0.000,0.000,0.000,0.000,0.000
1970-01-01 04:38:39,0，0.00000000,0.00000000,0.000,0.000,-5090454.816,0.000,-9824023.011,0.000,0.000,0.000,0.000,0.000,0.000,0.000,0.000,0.000,0.000
1970-01-01 04:38:39,0，0.00000000,0.00000000,0.000,0.000,-5090454.816,0.000,-9824023.011,0.000,0.000,0.000,0.000,0.000,0.000,0.000,0.000,0.000,0.000
1970-01-01 04:38:39,0，0.00000000,0.00000000,0.000,0.000,-5090454.816,0.000,-9824023.011,0.000,0.000,0.000,0.000,0.000,0.000,0.000,0.000,0.000,0.000
1970-01-01 04:38:39,0，0.00000000,0.00000000,0.000,0.000,-5090454.816,0.000,-9824023.011,0.000,0.000,0.000,0.000,0.000,0.000,0.000,0.000,0.000,0.000
1970-01-01 04:38:39,0，0.00000000,0.00000000,0.000,0.000,-5090454.816,0.000,-9824023.011,0.000,0.000,0.000,0.000,0.000,0.000,0.000,0.000,0.000,0.000
1970-01-01 04:38:39,0，0.00000000,0.00000000,0.000,0.000,-5090454.816,0.000,-9824023.011,0.000,0.000,0.000,0.000,0.000,0.000,0.000,0.000,0.000,0.000
1970-01-01 04:38:39,0，0.00000000,0.00000000,0.000,0.000,-5090454.816,0.000,-9824023.011,0.000,0.000,0.000,0.000,0.000,0.000,0.000,0.000,0.000,0.000
1970-01-01 04:38:40,0，0.00000000,0.00000000,0.000,0.000,-5090454.816,0.000,-9824023.011,0.000,0.000,0.000,0.000,0.000,0.000,0.000,0.000,0.000,0.000
1970-01-01 04:38:40,0，0.00000000,0.00000000,0.000,0.000,-5090454.816,0.000,-9824023.011,0.000,0.000,0.000,0.000,0.000,0.000,0.000,0.000,0.000,0.000
1970-01-01 04:38:40,0，0.00000000,0.00000000,0.000,0.000,-5090454.816,0.000,-9824023.011,0.000,0.000,0.000,0.000,0.000,0.000,0.000,0.000,0.000,0.000
1970-01-01 04:38:40,0，0.00000000,0.00000000,0.000,0.000,-5090454.816,0.000,-9824023.011,0.000,0.000,0.000,0.000,0.000,0.000,0.000,0.000,0.000,0.000
1970-01-01 04:38:40,0，0.00000000,0.00000000,0.000,0.000,-5090454.816,0.000,-9824023.011,0.000,0.000,0.000,0.000,0.000,0.000,0.000,0.000,0.000,0.000
1970-01-01 04:38:40,0，0.00000000,0.00000000,0.000,0.000,-5090454.816,0.000,-9824023.011,0.000,0.000,0.000,0.000,0.000,0.000,0.000,0.000,0.000,0.000
1970-01-01 04:38:40,0，0.00000000,0.00000000,0.000,0.000,-5090454.816,0.000,-9824023.011,0.000,0.000,0.000,0.000,0.000,0.000,0.000,0.000,0.000,0.000
1970-01-01 04:38:40,0，0.00000000,0.00000000,0.000,0.000,-5090454.816,0.000,-9824023.011,0.000,0.000,0.000,0.000,0.000,0.000,0.000,0.000,0.000,0.000
1970-01-01 04:38:40,0，0.00000000,0.00000000,0.000,0.000,-5090454.816,0.000,-9824023.011,0.000,0.000,0.000,0.000,0.000,0.000,0.000,0.000,0.000,0.000
1970-01-01 04:38:40,0，0.00000000,0.00000000,0.000,0.000,-5090454.816,0.000,-9824023.011,0.000,0.000,0.000,0.000,0.000,0.000,0.000,0.000,0.000,0.000
1970-01-01 04:38:41,0，0.00000000,0.00000000,0.000,0.000,-5090454.816,0.000,-9824023.011,0.000,0.000,0.000,0.000,0.000,0.000,0.000,0.000,0.000,0.000
1970-01-01 04:38:41,0，0.00000000,0.00000000,0.000,0.000,-5090454.816,0.000,-9824023.011,0.000,0.000,0.000,0.000,0.000,0.000,0.000,0.000,0.000,0.000
1970-01-01 04:38:41,0，0.00000000,0.00000000,0.000,0.000,-5090454.816,0.000,-9824023.011,0.000,0.000,0.000,0.000,0.000,0.000,0.000,0.000,0.000,0.000
1970-01-01 04:38:41,0，0.00000000,0.00000000,0.000,0.000,-5090454.816,0.000,-9824023.011,0.000,0.000,0.000,0.000,0.000,0.000,0.000,0.000,0.000,0.000
1970-01-01 04:38:41,0，0.00000000,0.00000000,0.000,0.000,-5090454.816,0.000,-9824023.011,0.000,0.000,0.000,0.000,0.000,0.000,0.000,0.000,0.000,0.000
1970-01-01 04:38:41,0，0.00000000,0.00000000,0.000,0.000,-5090454.816,0.000,-9824023.011,0.000,0.000,0.000,0.000,0.000,0.000,0.000,0.000,0.000,0.000
1970-01-01 04:38:41,0，0.00000000,0.00000000,0.000,0.000,-5090454.816,0.000,-9824023.011,0.000,0.000,0.000,0.000,0.000,0.000,0.000,0.000,0.000,0.000
1970-01-01 04:38:41,0，0.00000000,0.00000000,0.000,0.000,-5090454.816,0.000,-9824023.011,0.000,0.000,0.000,0.000,0.000,0.000,0.000,0.000,0.000,0.000
1970-01-01 04:38:41,0，0.00000000,0.00000000,0.000,0.000,-5090454.816,0.000,-9824023.011,0.000,0.000,0.000,0.000,0.000,0.000,0.000,0.000,0.000,0.000
1970-01-01 04:38:41,0，0.00000000,0.00000000,0.000,0.000,-5090454.816,0.000,-9824023.011,0.000,0.000,0.000,0.000,0.000,0.000,0.000,0.000,0.000,0.000
1970-01-01 04:38:42,0，0.00000000,0.00000000,0.000,0.000,-5090454.816,0.000,-9824023.011,0.000,0.000,0.000,0.000,0.000,0.000,0.000,0.000,0.000,0.000
1970-01-01 04:38:42,0，0.00000000,0.00000000,0.000,0.000,-5090454.816,0.000,-9824023.011,0.000,0.000,0.000,0.000,0.000,0.000,0.000,0.000,0.000,0.000
1970-01-01 04:38:42,0，0.00000000,0.00000000,0.000,0.000,-5090454.816,0.000,-9824023.011,0.000,0.000,0.000,0.000,0.000,0.000,0.000,0.000,0.000,0.000
1970-01-01 04:38:42,0，0.00000000,0.00000000,0.000,0.000,-5090454.816,0.000,-9824023.011,0.000,0.000,0.000,0.000,0.000,0.000,0.000,0.000,0.000,0.000
1970-01-01 04:38:42,0，0.00000000,0.00000000,0.000,0.000,-5090454.816,0.000,-9824023.011,0.000,0.000,0.000,0.000,0.000,0.000,0.000,0.000,0.000,0.000
1970-01-01 04:38:42,0，0.00000000,0.00000000,0.000,0.000,-5090454.816,0.000,-9824023.011,0.000,0.000,0.000,0.000,0.000,0.000,0.000,0.000,0.000,0.000
1970-01-01 04:38:42,0，0.00000000,0.00000000,0.000,0.000,-5090454.816,0.000,-9824023.011,0.000,0.000,0.000,0.000,0.000,0.000,0.000,0.000,0.000,0.000
1970-01-01 04:38:42,0，0.00000000,0.00000000,0.000,0.000,-5090454.816,0.000,-9824023.011,0.000,0.000,0.000,0.000,0.000,0.000,0.000,0.000,0.000,0.000
Timestamp,Math_Label,Longitude,Latitude,Yaw,Gyro_z,X_Coord,North_Velocity,Y_Coord,East_Velocity,Psid,Vd,Rd,Delta_D,Vol_D,Delta_C,USV_Velocity,Delta,Vol
Timestamp,Math_Label,Longitude,Latitude,Yaw,Gyro_z,X_Coord,North_Velocity,Y_Coord,East_Velocity,Psid,Vd,Rd,Delta_D,Vol_D,Delta_C,USV_Velocity,Delta,Vol
Timestamp,Math_Label,Longitude,Latitude,Yaw,Gyro_z,X_Coord,North_Velocity,Y_Coord,East_Velocity,Psid,Vd,Rd,Delta_D,Vol_D,Delta_C,USV_Velocity,Delta,Vol
Timestamp,Math_Label,Longitude,Latitude,Yaw,Gyro_z,X_Coord,North_Velocity,Y_Coord,East_Velocity,Psid,Vd,Rd,Delta_D,Vol_D,Delta_C,USV_Velocity,Delta,Vol
Timestamp,Math_Label,Longitude,Latitude,Yaw,Gyro_z,X_Coord,North_Velocity,Y_Coord,East_Velocity,Psid,Vd,Rd,Delta_D,Vol_D,Delta_C,USV_Velocity,Delta,Vol
Timestamp,Math_Label,Longitude,Latitude,Yaw,Gyro_z,X_Coord,North_Velocity,Y_Coord,East_Velocity,Psid,Vd,Rd,Delta_D,Vol_D,Delta_C,USV_Velocity,Delta,Vol
Timestamp,Math_Label,Longitude,Latitude,Yaw,Gyro_z,X_Coord,North_Velocity,Y_Coord,East_Velocity,Psid,Vd,Rd,Delta_D,Vol_D,Delta_C,USV_Velocity,Delta,Vol
Timestamp,Math_Label,Longitude,Latitude,Yaw,Gyro_z,X_Coord,North_Velocity,Y_Coord,East_Velocity,Psid,Vd,Rd,Delta_D,Vol_D,Delta_C,USV_Velocity,Delta,Vol
Timestamp,Math_Label,Longitude,Latitude,Yaw,Gyro_z,X_Coord,North_Velocity,Y_Coord,East_Velocity,Psid,Vd,Rd,Delta_D,Vol_D,Delta_C,USV_Velocity,Delta,Vol
Timestamp,Math_Label,Longitude,Latitude,Yaw,Gyro_z,X_Coord,North_Velocity,Y_Coord,East_Velocity,Psid,Vd,Rd,Delta_D,Vol_D,Delta_C,USV_Velocity,Delta,Vol
Timestamp,Math_Label,Longitude,Latitude,Yaw,Gyro_z,X_Coord,North_Velocity,Y_Coord,East_Velocity,Psid,Vd,Rd,Delta_D,Vol_D,Delta_C,USV_Velocity,Delta,Vol
Timestamp,Math_Label,Longitude,Latitude,Yaw,Gyro_z,X_Coord,North_Velocity,Y_Coord,East_Velocity,Psid,Vd,Rd,Delta_D,Vol_D,Delta_C,USV_Velocity,Delta,Vol
Timestamp,Math_Label,Longitude,Latitude,Yaw,Gyro_z,X_Coord,North_Velocity,Y_Coord,East_Velocity,Psid,Vd,Rd,Delta_D,Vol_D,Delta_C,USV_Velocity,Delta,Vol
1970-01-01 05:04:24,0，0.00000000,0.00000000,0.000,0.000,-5090454.816,0.000,-9824023.011,0.000,0.000,0.000,0.000,0.000,0.000,0.000,0.000,0.000,0.000
1970-01-01 05:04:24,0，0.00000000,0.00000000,0.000,0.000,-5090454.816,0.000,-9824023.011,0.000,0.000,0.000,0.000,0.000,0.000,0.000,0.000,0.000,0.000
1970-01-01 05:04:24,0，0.00000000,0.00000000,0.000,0.000,-5090454.816,0.000,-9824023.011,0.000,0.000,0.000,0.000,0.000,0.000,0.000,0.000,0.000,0.000
1970-01-01 05:04:24,0，0.00000000,0.00000000,0.000,0.000,-5090454.816,0.000,-9824023.011,0.000,0.000,0.000,0.000,0.000,0.000,0.000,0.000,0.000,0.000
1970-01-01 05:04:24,0，0.00000000,0.00000000,0.000,0.000,-5090454.816,0.000,-9824023.011,0.000,0.000,0.000,0.000,0.000,0.000,0.000,0.000,0.000,0.000
1970-01-01 05:04:24,0，0.00000000,0.00000000,0.000,0.000,-5090454.816,0.000,-9824023.011,0.000,0.000,0.000,0.000,0.000,0.000,0.000,0.000,0.000,0.000
1970-01-01 05:04:25,0，0.00000000,0.00000000,0.000,0.000,-5090454.816,0.000,-9824023.011,0.000,0.000,0.000,0.000,0.000,0.000,0.000,0.000,0.000,0.000
1970-01-01 05:04:25,0，0.00000000,0.00000000,0.000,0.000,-5090454.816,0.000,-9824023.011,0.000,0.000,0.000,0.000,0.000,0.000,0.000,0.000,0.000,0.000
1970-01-01 05:04:25,0，0.00000000,0.00000000,0.000,0.000,-5090454.816,0.000,-9824023.011,0.000,0.000,0.000,0.000,0.000,0.000,0.000,0.000,0.000,0.000
1970-01-01 05:04:25,0，0.00000000,0.00000000,0.000,0.000,-5090454.816,0.000,-9824023.011,0.000,0.000,0.000,0.000,0.000,0.000,0.000,0.000,0.000,0.000
1970-01-01 05:04:25,0，0.00000000,0.00000000,0.000,0.000,-5090454.816,0.000,-9824023.011,0.000,0.000,0.000,0.000,0.000,0.000,0.000,0.000,0.000,0.000
1970-01-01 05:04:25,0，0.00000000,0.00000000,0.000,0.000,-5090454.816,0.000,-9824023.011,0.000,0.000,0.000,0.000,0.000,0.000,0.000,0.000,0.000,0.000
1970-01-01 05:04:25,0，0.00000000,0.00000000,0.000,0.000,-5090454.816,0.000,-9824023.011,0.000,0.000,0.000,0.000,0.000,0.000,0.000,0.000,0.000,0.000
1970-01-01 05:04:25,0，0.00000000,0.00000000,0.000,0.000,-5090454.816,0.000,-9824023.011,0.000,0.000,0.000,0.000,0.000,0.000,0.000,0.000,0.000,0.000
1970-01-01 05:04:25,0，0.00000000,0.00000000,0.000,0.000,-5090454.816,0.000,-9824023.011,0.000,0.000,0.000,0.000,0.000,0.000,0.000,0.000,0.000,0.000
1970-01-01 05:04:25,0，0.00000000,0.00000000,0.000,0.000,-5090454.816,0.000,-9824023.011,0.000,0.000,0.000,0.000,0.000,0.000,0.000,0.000,0.000,0.000
1970-01-01 05:04:26,0，0.00000000,0.00000000,0.000,0.000,-5090454.816,0.000,-9824023.011,0.000,0.000,0.000,0.000,0.000,0.000,0.000,0.000,0.000,0.000
1970-01-01 05:04:26,0，0.00000000,0.00000000,0.000,0.000,-5090454.816,0.000,-9824023.011,0.000,0.000,0.000,0.000,0.000,0.000,0.000,0.000,0.000,0.000
1970-01-01 05:04:26,0，0.00000000,0.00000000,0.000,0.000,-5090454.816,0.000,-9824023.011,0.000,0.000,0.000,0.000,0.000,0.000,0.000,0.000,0.000,0.000
1970-01-01 05:04:26,0，0.00000000,0.00000000,0.000,0.000,-5090454.816,0.000,-9824023.011,0.000,0.000,0.000,0.000,0.000,0.000,0.000,0.000,0.000,0.000
1970-01-01 05:04:26,0，0.00000000,0.00000000,0.000,0.000,-5090454.816,0.000,-9824023.011,0.000,0.000,0.000,0.000,0.000,0.000,0.000,0.000,0.000,0.000
1970-01-01 05:04:26,0，0.00000000,0.00000000,0.000,0.000,-5090454.816,0.000,-9824023.011,0.000,0.000,0.000,0.000,0.000,0.000,0.000,0.000,0.000,0.000
1970-01-01 05:04:26,0，0.00000000,0.00000000,0.000,0.000,-5090454.816,0.000,-9824023.011,0.000,0.000,0.000,0.000,0.000,0.000,0.000,0.000,0.000,0.000
1970-01-01 05:04:26,0，0.00000000,0.00000000,0.000,0.000,-5090454.816,0.000,-9824023.011,0.000,0.000,0.000,0.000,0.000,0.000,0.000,0.000,0.000,0.000
1970-01-01 05:04:26,0，0.00000000,0.00000000,0.000,0.000,-5090454.816,0.000,-9824023.011,0.000,0.000,0.000,0.000,0.000,0.000,0.000,0.000,0.000,0.000
1970-01-01 05:04:26,0，0.00000000,0.00000000,0.000,0.000,-5090454.816,0.000,-9824023.011,0.000,0.000,0.000,0.000,0.000,0.000,0.000,0.000,0.000,0.000
1970-01-01 05:04:27,0，0.00000000,0.00000000,0.000,0.000,-5090454.816,0.000,-9824023.011,0.000,0.000,0.000,0.000,0.000,0.000,0.000,0.000,0.000,0.000
1970-01-01 05:04:27,0，0.00000000,0.00000000,0.000,0.000,-5090454.816,0.000,-9824023.011,0.000,0.000,0.000,0.000,0.000,0.000,0.000,0.000,0.000,0.000
1970-01-01 05:04:27,0，0.00000000,0.00000000,0.000,0.000,-5090454.816,0.000,-9824023.011,0.000,0.000,0.000,0.000,0.000,0.000,0.000,0.000,0.000,0.000
1970-01-01 05:04:27,0，0.00000000,0.00000000,0.000,0.000,-5090454.816,0.000,-9824023.011,0.000,0.000,0.000,0.000,0.000,0.000,0.000,0.000,0.000,0.000
1970-01-01 05:04:27,0，0.00000000,0.00000000,0.000,0.000,-5090454.816,0.000,-9824023.011,0.000,0.000,0.000,0.000,0.000,0.000,0.000,0.000,0.000,0.000
1970-01-01 05:04:27,0，0.00000000,0.00000000,0.000,0.000,-5090454.816,0.000,-9824023.011,0.000,0.000,0.000,0.000,0.000,0.000,0.000,0.000,0.000,0.000
1970-01-01 05:04:27,0，0.00000000,0.00000000,0.000,0.000,-5090454.816,0.000,-9824023.011,0.000,0.000,0.000,0.000,0.000,0.000,0.000,0.000,0.000,0.000
1970-01-01 05:04:27,0，0.00000000,0.00000000,0.000,0.000,-5090454.816,0.000,-9824023.011,0.000,0.000,0.000,0.000,0.000,0.000,0.000,0.000,0.000,0.000
1970-01-01 05:04:27,0，0.00000000,0.00000000,0.000,0.000,-5090454.816,0.000,-9824023.011,0.000,0.000,0.000,0.000,0.000,0.000,0.000,0.000,0.000,0.000
1970-01-01 05:04:27,0，0.00000000,0.00000000,0.000,0.000,-5090454.816,0.000,-9824023.011,0.000,0.000,0.000,0.000,0.000,0.000,0.000,0.000,0.000,0.000
1970-01-01 05:04:28,0，0.00000000,0.00000000,0.000,0.000,-5090454.816,0.000,-9824023.011,0.000,0.000,0.000,0.000,0.000,0.000,0.000,0.000,0.000,0.000
1970-01-01 05:04:28,0，0.00000000,0.00000000,0.000,0.000,-5090454.816,0.000,-9824023.011,0.000,0.000,0.000,0.000,0.000,0.000,0.000,0.000,0.000,0.000
1970-01-01 05:04:28,0，0.00000000,0.00000000,0.000,0.000,-5090454.816,0.000,-9824023.011,0.000,0.000,0.000,0.000,0.000,0.000,0.000,0.000,0.000,0.000
1970-01-01 05:04:28,0，0.00000000,0.00000000,0.000,0.000,-5090454.816,0.000,-9824023.011,0.000,0.000,0.000,0.000,0.000,0.000,0.000,0.000,0.000,0.000
1970-01-01 05:04:28,0，0.00000000,0.00000000,0.000,0.000,-5090454.816,0.000,-9824023.011,0.000,0.000,0.000,0.000,0.000,0.000,0.000,0.000,0.000,0.000
1970-01-01 05:04:28,0，0.00000000,0.00000000,0.000,0.000,-5090454.816,0.000,-9824023.011,0.000,0.000,0.000,0.000,0.000,0.000,0.000,0.000,0.000,0.000
1970-01-01 05:04:28,0，0.00000000,0.00000000,0.000,0.000,-5090454.816,0.000,-9824023.011,0.000,0.000,0.000,0.000,0.000,0.000,0.000,0.000,0.000,0.000
1970-01-01 05:04:28,0，0.00000000,0.00000000,0.000,0.000,-5090454.816,0.000,-9824023.011,0.000,0.000,0.000,0.000,0.000,0.000,0.000,0.000,0.000,0.000
1970-01-01 05:04:28,0，0.00000000,0.00000000,0.000,0.000,-5090454.816,0.000,-9824023.011,0.000,0.000,0.000,0.000,0.000,0.000,0.000,0.000,0.000,0.000
1970-01-01 05:04:28,0，0.00000000,0.00000000,0.000,0.000,-5090454.816,0.000,-9824023.011,0.000,0.000,0.000,0.000,0.000,0.000,0.000,0.000,0.000,0.000
1970-01-01 05:04:29,0，0.00000000,0.00000000,0.000,0.000,-5090454.816,0.000,-9824023.011,0.000,0.000,0.000,0.000,0.000,0.000,0.000,0.000,0.000,0.000
1970-01-01 05:04:29,0，0.00000000,0.00000000,0.000,0.000,-5090454.816,0.000,-9824023.011,0.000,0.000,0.000,0.000,0.000,0.000,0.000,0.000,0.000,0.000
1970-01-01 05:04:29,0，0.00000000,0.00000000,0.000,0.000,-5090454.816,0.000,-9824023.011,0.000,0.000,0.000,0.000,0.000,0.000,0.000,0.000,0.000,0.000
1970-01-01 05:04:29,0，0.00000000,0.00000000,0.000,0.000,-5090454.816,0.000,-9824023.011,0.000,0.000,0.000,0.000,0.000,0.000,0.000,0.000,0.000,0.000
1970-01-01 05:04:29,0，0.00000000,0.00000000,0.000,0.000,-5090454.816,0.000,-9824023.011,0.000,0.000,0.000,0.000,0.000,0.000,0.000,0.000,0.000,0.000
1970-01-01 05:04:29,0，0.00000000,0.00000000,0.000,0.000,-5090454.816,0.000,-9824023.011,0.000,0.000,0.000,0.000,0.000,0.000,0.000,0.000,0.000,0.000
1970-01-01 05:04:29,0，0.00000000,0.00000000,0.000,0.000,-5090454.816,0.000,-9824023.011,0.000,0.000,0.000,0.000,0.000,0.000,0.000,0.000,0.000,0.000
1970-01-01 05:04:29,0，0.00000000,0.00000000,0.000,0.000,-5090454.816,0.000,-9824023.011,0.000,0.000,0.000,0.000,0.000,0.000,0.000,0.000,0.000,0.000
1970-01-01 05:04:29,0，0.00000000,0.00000000,0.000,0.000,-5090454.816,0.000,-9824023.011,0.000,0.000,0.000,0.000,0.000,0.000,0.000,0.000,0.000,0.000
1970-01-01 05:04:29,0，0.00000000,0.00000000,0.000,0.000,-5090454.816,0.000,-9824023.011,0.000,0.000,0.000,0.000,0.000,0.000,0.000,0.000,0.000,0.000
1970-01-01 05:04:30,0，0.00000000,0.00000000,0.000,0.000,-5090454.816,0.000,-9824023.011,0.000,0.000,0.000,0.000,0.000,0.000,0.000,0.000,0.000,0.000
1970-01-01 05:04:30,0，0.00000000,0.00000000,0.000,0.000,-5090454.816,0.000,-9824023.011,0.000,0.000,0.000,0.000,0.000,0.000,0.000,0.000,0.000,0.000
1970-01-01 05:04:30,0，0.00000000,0.00000000,0.000,0.000,-5090454.816,0.000,-9824023.011,0.000,0.000,0.000,0.000,0.000,0.000,0.000,0.000,0.000,0.000
1970-01-01 05:04:30,0，0.00000000,0.00000000,0.000,0.000,-5090454.816,0.000,-9824023.011,0.000,0.000,0.000,0.000,0.000,0.000,0.000,0.000,0.000,0.000
1970-01-01 05:04:30,0，0.00000000,0.00000000,0.000,0.000,-5090454.816,0.000,-9824023.011,0.000,0.000,0.000,0.000,0.000,0.000,0.000,0.000,0.000,0.000
1970-01-01 05:04:30,0，0.00000000,0.00000000,0.000,0.000,-5090454.816,0.000,-9824023.011,0.000,0.000,0.000,0.000,0.000,0.000,0.000,0.000,0.000,0.000
1970-01-01 05:04:30,0，0.00000000,0.00000000,0.000,0.000,-5090454.816,0.000,-9824023.011,0.000,0.000,0.000,0.000,0.000,0.000,0.000,0.000,0.000,0.000
1970-01-01 05:04:30,0，0.00000000,0.00000000,0.000,0.000,-5090454.816,0.000,-9824023.011,0.000,0.000,0.000,0.000,0.000,0.000,0.000,0.000,0.000,0.000
1970-01-01 05:04:30,0，0.00000000,0.00000000,0.000,0.000,-5090454.816,0.000,-9824023.011,0.000,0.000,0.000,0.000,0.000,0.000,0.000,0.000,0.000,0.000
1970-01-01 05:04:30,0，0.00000000,0.00000000,0.000,0.000,-5090454.816,0.000,-9824023.011,0.000,0.000,0.000,0.000,0.000,0.000,0.000,0.000,0.000,0.000
1970-01-01 05:04:31,0，0.00000000,0.00000000,0.000,0.000,-5090454.816,0.000,-9824023.011,0.000,0.000,0.000,0.000,0.000,0.000,0.000,0.000,0.000,0.000
1970-01-01 05:04:31,0，0.00000000,0.00000000,0.000,0.000,-5090454.816,0.000,-9824023.011,0.000,0.000,0.000,0.000,0.000,0.000,0.000,0.000,0.000,0.000
1970-01-01 05:04:31,0，0.00000000,0.00000000,0.000,0.000,-5090454.816,0.000,-9824023.011,0.000,0.000,0.000,0.000,0.000,0.000,0.000,0.000,0.000,0.000
1970-01-01 05:04:31,0，0.00000000,0.00000000,0.000,0.000,-5090454.816,0.000,-9824023.011,0.000,0.000,0.000,0.000,0.000,0.000,0.000,0.000,0.000,0.000
1970-01-01 05:04:31,0，0.00000000,0.00000000,0.000,0.000,-5090454.816,0.000,-9824023.011,0.000,0.000,0.000,0.000,0.000,0.000,0.000,0.000,0.000,0.000
1970-01-01 05:04:31,0，0.00000000,0.00000000,0.000,0.000,-5090454.816,0.000,-9824023.011,0.000,0.000,0.000,0.000,0.000,0.000,0.000,0.000,0.000,0.000
1970-01-01 05:04:31,0，0.00000000,0.00000000,0.000,0.000,-5090454.816,0.000,-9824023.011,0.000,0.000,0.000,0.000,0.000,0.000,0.000,0.000,0.000,0.000
1970-01-01 05:04:31,0，0.00000000,0.00000000,0.000,0.000,-5090454.816,0.000,-9824023.011,0.000,0.000,0.000,0.000,0.000,0.000,0.000,0.000,0.000,0.000
1970-01-01 05:04:31,0，0.00000000,0.00000000,0.000,0.000,-5090454.816,0.000,-9824023.011,0.000,0.000,0.000,0.000,0.000,0.000,0.000,0.000,0.000,0.000
1970-01-01 05:04:31,0，0.00000000,0.00000000,0.000,0.000,-5090454.816,0.000,-9824023.011,0.000,0.000,0.000,0.000,0.000,0.000,0.000,0.000,0.000,0.000
1970-01-01 05:04:32,0，0.00000000,0.00000000,0.000,0.000,-5090454.816,0.000,-9824023.011,0.000,0.000,0.000,0.000,0.000,0.000,0.000,0.000,0.000,0.000
1970-01-01 05:04:32,0，0.00000000,0.00000000,0.000,0.000,-5090454.816,0.000,-9824023.011,0.000,0.000,0.000,0.000,0.000,0.000,0.000,0.000,0.000,0.000
1970-01-01 05:04:32,0，0.00000000,0.00000000,0.000,0.000,-5090454.816,0.000,-9824023.011,0.000,0.000,0.000,0.000,0.000,0.000,0.000,0.000,0.000,0.000
1970-01-01 05:04:32,0，0.00000000,0.00000000,0.000,0.000,-5090454.816,0.000,-9824023.011,0.000,0.000,0.000,0.000,0.000,0.000,0.000,0.000,0.000,0.000
1970-01-01 05:04:32,0，0.00000000,0.00000000,0.000,0.000,-5090454.816,0.000,-9824023.011,0.000,0.000,0.000,0.000,0.000,0.000,0.000,0.000,0.000,0.000
1970-01-01 05:04:32,0，0.00000000,0.00000000,0.000,0.000,-5090454.816,0.000,-9824023.011,0.000,0.000,0.000,0.000,0.000,0.000,0.000,0.000,0.000,0.000
1970-01-01 05:04:32,0，0.00000000,0.00000000,0.000,0.000,-5090454.816,0.000,-9824023.011,0.000,0.000,0.000,0.000,0.000,0.000,0.000,0.000,0.000,0.000
1970-01-01 05:04:32,0，0.00000000,0.00000000,0.000,0.000,-5090454.816,0.000,-9824023.011,0.000,0.000,0.000,0.000,0.000,0.000,0.000,0.000,0.000,0.000
1970-01-01 05:04:32,0，0.00000000,0.00000000,0.000,0.000,-5090454.816,0.000,-9824023.011,0.000,0.000,0.000,0.000,0.000,0.000,0.000,0.000,0.000,0.000
1970-01-01 05:04:32,0，0.00000000,0.00000000,0.000,0.000,-5090454.816,0.000,-9824023.011,0.000,0.000,0.000,0.000,0.000,0.000,0.000,0.000,0.000,0.000
1970-01-01 05:04:33,0，0.00000000,0.00000000,0.000,0.000,-5090454.816,0.000,-9824023.011,0.000,0.000,0.000,0.000,0.000,0.000,0.000,0.000,0.000,0.000
1970-01-01 05:04:33,0，0.00000000,0.00000000,0.000,0.000,-5090454.816,0.000,-9824023.011,0.000,0.000,0.000,0.000,0.000,0.000,0.000,0.000,0.000,0.000
1970-01-01 05:04:33,0，0.00000000,0.00000000,0.000,0.000,-5090454.816,0.000,-9824023.011,0.000,0.000,0.000,0.000,0.000,0.000,0.000,0.000,0.000,0.000
1970-01-01 05:04:33,0，0.00000000,0.00000000,0.000,0.000,-5090454.816,0.000,-9824023.011,0.000,0.000,0.000,0.000,0.000,0.000,0.000,0.000,0.000,0.000
1970-01-01 05:04:33,0，0.00000000,0.00000000,0.000,0.000,-5090454.816,0.000,-9824023.011,0.000,0.000,0.000,0.000,0.000,0.000,0.000,0.000,0.000,0.000
1970-01-01 05:04:33,0，0.00000000,0.00000000,0.000,0.000,-5090454.816,0.000,-9824023.011,0.000,0.000,0.000,0.000,0.000,0.000,0.000,0.000,0.000,0.000
1970-01-01 05:04:33,0，0.00000000,0.00000000,0.000,0.000,-5090454.816,0.000,-9824023.011,0.000,0.000,0.000,0.000,0.000,0.000,0.000,0.000,0.000,0.000
1970-01-01 05:04:33,0，0.00000000,0.00000000,0.000,0.000,-5090454.816,0.000,-9824023.011,0.000,0.000,0.000,0.000,0.000,0.000,0.000,0.000,0.000,0.000
1970-01-01 05:04:33,0，0.00000000,0.00000000,0.000,0.000,-5090454.816,0.000,-9824023.011,0.000,0.000,0.000,0.000,0.000,0.000,0.000,0.000,0.000,0.000
1970-01-01 05:04:33,0，0.00000000,0.00000000,0.000,0.000,-5090454.816,0.000,-9824023.011,0.000,0.000,0.000,0.000,0.000,0.000,0.000,0.000,0.000,0.000
1970-01-01 05:04:34,0，0.00000000,0.00000000,0.000,0.000,-5090454.816,0.000,-9824023.011,0.000,0.000,0.000,0.000,0.000,0.000,0.000,0.000,0.000,0.000
1970-01-01 05:04:34,0，0.00000000,0.00000000,0.000,0.000,-5090454.816,0.000,-9824023.011,0.000,0.000,0.000,0.000,0.000,0.000,0.000,0.000,0.000,0.000
1970-01-01 05:04:34,0，0.00000000,0.00000000,0.000,0.000,-5090454.816,0.000,-9824023.011,0.000,0.000,0.000,0.000,0.000,0.000,0.000,0.000,0.000,0.000
# 时间戳,数字标签,经度,纬度,艏向,角速度,x坐标,向北速度,y坐标,向东速度,期望艏向,期望速度,期望角速度,期望舵角,期望推进器电压,舵角积分补偿,航速,实际舵角,实际推进器电压,艏PG1,艏PG2,艏PG3,角PG1,角PG2,角PG3,速PG1,速PG2,速PG3
1970-01-01 05:23:18,0，0.00000000,0.00000000,0.000,0.000,-5090454.816,0.000,-9824023.011,0.000,0.000,0.000,0.000,0.000,0.000,0.000,0.000,0.000,0.000,0.600,0.001,0.600,0.000,0.600,0.000,0.000,0.600,0.000
1970-01-01 05:23:18,0，0.00000000,0.00000000,0.000,0.000,-5090454.816,0.000,-9824023.011,0.000,0.000,0.000,0.000,0.000,0.000,0.000,0.000,0.000,0.000,0.600,0.001,0.600,0.000,0.600,0.000,0.000,0.600,0.000
1970-01-01 05:23:18,0，0.00000000,0.00000000,0.000,0.000,-5090454.816,0.000,-9824023.011,0.000,0.000,0.000,0.000,0.000,0.000,0.000,0.000,0.000,0.000,0.600,0.001,0.600,0.000,0.600,0.000,0.000,0.600,0.000
1970-01-01 05:23:18,0，0.00000000,0.00000000,0.000,0.000,-5090454.816,0.000,-9824023.011,0.000,0.000,0.000,0.000,0.000,0.000,0.000,0.000,0.000,0.000,0.600,0.001,0.600,0.000,0.600,0.000,0.000,0.600,0.000
1970-01-01 05:23:19,0，0.00000000,0.00000000,0.000,0.000,-5090454.816,0.000,-9824023.011,0.000,0.000,0.000,0.000,0.000,0.000,0.000,0.000,0.000,0.000,0.600,0.001,0.600,0.000,0.600,0.000,0.000,0.600,0.000
1970-01-01 05:23:19,0，0.00000000,0.00000000,0.000,0.000,-5090454.816,0.000,-9824023.011,0.000,0.000,0.000,0.000,0.000,0.000,0.000,0.000,0.000,0.000,0.600,0.001,0.600,0.000,0.600,0.000,0.000,0.600,0.000
1970-01-01 05:23:19,0，0.00000000,0.00000000,0.000,0.000,-5090454.816,0.000,-9824023.011,0.000,0.000,0.000,0.000,0.000,0.000,0.000,0.000,0.000,0.000,0.600,0.001,0.600,0.000,0.600,0.000,0.000,0.600,0.000
1970-01-01 05:23:19,0，0.00000000,0.00000000,0.000,0.000,-5090454.816,0.000,-9824023.011,0.000,0.000,0.000,0.000,0.000,0.000,0.000,0.000,0.000,0.000,0.600,0.001,0.600,0.000,0.600,0.000,0.000,0.600,0.000
1970-01-01 05:23:19,0，0.00000000,0.00000000,0.000,0.000,-5090454.816,0.000,-9824023.011,0.000,0.000,0.000,0.000,0.000,0.000,0.000,0.000,0.000,0.000,0.600,0.001,0.600,0.000,0.600,0.000,0.000,0.600,0.000
1970-01-01 05:23:19,0，0.00000000,0.00000000,0.000,0.000,-5090454.816,0.000,-9824023.011,0.000,0.000,0.000,0.000,0.000,0.000,0.000,0.000,0.000,0.000,0.600,0.001,0.600,0.000,0.600,0.000,0.000,0.600,0.000
1970-01-01 05:23:19,0，0.00000000,0.00000000,0.000,0.000,-5090454.816,0.000,-9824023.011,0.000,0.000,0.000,0.000,0.000,0.000,0.000,0.000,0.000,0.000,0.600,0.001,0.600,0.000,0.600,0.000,0.000,0.600,0.000
1970-01-01 05:23:19,0，0.00000000,0.00000000,0.000,0.000,-5090454.816,0.000,-9824023.011,0.000,0.000,0.000,0.000,0.000,0.000,0.000,0.000,0.000,0.000,0.600,0.001,0.600,0.000,0.600,0.000,0.000,0.600,0.000
1970-01-01 05:23:19,0，0.00000000,0.00000000,0.000,0.000,-5090454.816,0.000,-9824023.011,0.000,0.000,0.000,0.000,0.000,0.000,0.000,0.000,0.000,0.000,0.600,0.001,0.600,0.000,0.600,0.000,0.000,0.600,0.000
1970-01-01 05:23:19,0，0.00000000,0.00000000,0.000,0.000,-5090454.816,0.000,-9824023.011,0.000,0.000,0.000,0.000,0.000,0.000,0.000,0.000,0.000,0.000,0.600,0.001,0.600,0.000,0.600,0.000,0.000,0.600,0.000
1970-01-01 05:23:20,0，0.00000000,0.00000000,0.000,0.000,-5090454.816,0.000,-9824023.011,0.000,0.000,0.000,0.000,0.000,0.000,0.000,0.000,0.000,0.000,0.600,0.001,0.600,0.000,0.600,0.000,0.000,0.600,0.000
1970-01-01 05:23:20,0，0.00000000,0.00000000,0.000,0.000,-5090454.816,0.000,-9824023.011,0.000,0.000,0.000,0.000,0.000,0.000,0.000,0.000,0.000,0.000,0.600,0.001,0.600,0.000,0.600,0.000,0.000,0.600,0.000
1970-01-01 05:23:20,0，0.00000000,0.00000000,0.000,0.000,-5090454.816,0.000,-9824023.011,0.000,0.000,0.000,0.000,0.000,0.000,0.000,0.000,0.000,0.000,0.600,0.001,0.600,0.000,0.600,0.000,0.000,0.600,0.000
1970-01-01 05:23:20,0，0.00000000,0.00000000,0.000,0.000,-5090454.816,0.000,-9824023.011,0.000,0.000,0.000,0.000,0.000,0.000,0.000,0.000,0.000,0.000,0.600,0.001,0.600,0.000,0.600,0.000,0.000,0.600,0.000
1970-01-01 05:23:20,0，0.00000000,0.00000000,0.000,0.000,-5090454.816,0.000,-9824023.011,0.000,0.000,0.000,0.000,0.000,0.000,0.000,0.000,0.000,0.000,0.600,0.001,0.600,0.000,0.600,0.000,0.000,0.600,0.000
1970-01-01 05:23:20,0，0.00000000,0.00000000,0.000,0.000,-5090454.816,0.000,-9824023.011,0.000,0.000,0.000,0.000,0.000,0.000,0.000,0.000,0.000,0.000,0.600,0.001,0.600,0.000,0.600,0.000,0.000,0.600,0.000
1970-01-01 05:23:20,0，0.00000000,0.00000000,0.000,0.000,-5090454.816,0.000,-9824023.011,0.000,0.000,0.000,0.000,0.000,0.000,0.000,0.000,0.000,0.000,0.600,0.001,0.600,0.000,0.600,0.000,0.000,0.600,0.000
1970-01-01 05:23:20,0，0.00000000,0.00000000,0.000,0.000,-5090454.816,0.000,-9824023.011,0.000,0.000,0.000,0.000,0.000,0.000,0.000,0.000,0.000,0.000,0.600,0.001,0.600,0.000,0.600,0.000,0.000,0.600,0.000
1970-01-01 05:23:20,0，0.00000000,0.00000000,0.000,0.000,-5090454.816,0.000,-9824023.011,0.000,0.000,0.000,0.000,0.000,0.000,0.000,0.000,0.000,0.000,0.600,0.001,0.600,0.000,0.600,0.000,0.000,0.600,0.000
1970-01-01 05:23:20,0，0.00000000,0.00000000,0.000,0.000,-5090454.816,0.000,-9824023.011,0.000,0.000,0.000,0.000,0.000,0.000,0.000,0.000,0.000,0.000,0.600,0.001,0.600,0.000,0.600,0.000,0.000,0.600,0.000
1970-01-01 05:23:21,0，0.00000000,0.00000000,0.000,0.000,-5090454.816,0.000,-9824023.011,0.000,0.000,0.000,0.000,0.000,0.000,0.000,0.000,0.000,0.000,0.600,0.001,0.600,0.000,0.600,0.000,0.000,0.600,0.000
1970-01-01 05:23:21,0，0.00000000,0.00000000,0.000,0.000,-5090454.816,0.000,-9824023.011,0.000,0.000,0.000,0.000,0.000,0.000,0.000,0.000,0.000,0.000,0.600,0.001,0.600,0.000,0.600,0.000,0.000,0.600,0.000
1970-01-01 05:23:21,0，0.00000000,0.00000000,0.000,0.000,-5090454.816,0.000,-9824023.011,0.000,0.000,0.000,0.000,0.000,0.000,0.000,0.000,0.000,0.000,0.600,0.001,0.600,0.000,0.600,0.000,0.000,0.600,0.000
1970-01-01 05:23:21,0，0.00000000,0.00000000,0.000,0.000,-5090454.816,0.000,-9824023.011,0.000,0.000,0.000,0.000,0.000,0.000,0.000,0.000,0.000,0.000,0.600,0.001,0.600,0.000,0.600,0.000,0.000,0.600,0.000
1970-01-01 05:23:21,0，0.00000000,0.00000000,0.000,0.000,-5090454.816,0.000,-9824023.011,0.000,0.000,0.000,0.000,0.000,0.000,0.000,0.000,0.000,0.000,0.600,0.001,0.600,0.000,0.600,0.000,0.000,0.600,0.000
1970-01-01 05:23:21,0，0.00000000,0.00000000,0.000,0.000,-5090454.816,0.000,-9824023.011,0.000,0.000,0.000,0.000,0.000,0.000,0.000,0.000,0.000,0.000,0.600,0.001,0.600,0.000,0.600,0.000,0.000,0.600,0.000
1970-01-01 05:23:21,0，0.00000000,0.00000000,0.000,0.000,-5090454.816,0.000,-9824023.011,0.000,0.000,0.000,0.000,0.000,0.000,0.000,0.000,0.000,0.000,0.600,0.001,0.600,0.000,0.600,0.000,0.000,0.600,0.000
1970-01-01 05:23:21,0，0.00000000,0.00000000,0.000,0.000,-5090454.816,0.000,-9824023.011,0.000,0.000,0.000,0.000,0.000,0.000,0.000,0.000,0.000,0.000,0.600,0.001,0.600,0.000,0.600,0.000,0.000,0.600,0.000
1970-01-01 05:23:21,0，0.00000000,0.00000000,0.000,0.000,-5090454.816,0.000,-9824023.011,0.000,0.000,0.000,0.000,0.000,0.000,0.000,0.000,0.000,0.000,0.600,0.001,0.600,0.000,0.600,0.000,0.000,0.600,0.000
1970-01-01 05:23:21,0，0.00000000,0.00000000,0.000,0.000,-5090454.816,0.000,-9824023.011,0.000,0.000,0.000,0.000,0.000,0.000,0.000,0.000,0.000,0.000,0.600,0.001,0.600,0.000,0.600,0.000,0.000,0.600,0.000
1970-01-01 05:23:22,0，0.00000000,0.00000000,0.000,0.000,-5090454.816,0.000,-9824023.011,0.000,0.000,0.000,0.000,0.000,0.000,0.000,0.000,0.000,0.000,0.600,0.001,0.600,0.000,0.600,0.000,0.000,0.600,0.000
1970-01-01 05:23:22,0，0.00000000,0.00000000,0.000,0.000,-5090454.816,0.000,-9824023.011,0.000,0.000,0.000,0.000,0.000,0.000,0.000,0.000,0.000,0.000,0.600,0.001,0.600,0.000,0.600,0.000,0.000,0.600,0.000
1970-01-01 05:23:22,0，0.00000000,0.00000000,0.000,0.000,-5090454.816,0.000,-9824023.011,0.000,0.000,0.000,0.000,0.000,0.000,0.000,0.000,0.000,0.000,0.600,0.001,0.600,0.000,0.600,0.000,0.000,0.600,0.000
1970-01-01 05:23:22,0，0.00000000,0.00000000,0.000,0.000,-5090454.816,0.000,-9824023.011,0.000,0.000,0.000,0.000,0.000,0.000,0.000,0.000,0.000,0.000,0.600,0.001,0.600,0.000,0.600,0.000,0.000,0.600,0.000
1970-01-01 05:23:22,0，0.00000000,0.00000000,0.000,0.000,-5090454.816,0.000,-9824023.011,0.000,0.000,0.000,0.000,0.000,0.000,0.000,0.000,0.000,0.000,0.600,0.001,0.600,0.000,0.600,0.000,0.000,0.600,0.000
1970-01-01 05:23:22,0，0.00000000,0.00000000,0.000,0.000,-5090454.816,0.000,-9824023.011,0.000,0.000,0.000,0.000,0.000,0.000,0.000,0.000,0.000,0.000,0.600,0.001,0.600,0.000,0.600,0.000,0.000,0.600,0.000
1970-01-01 05:23:22,0，0.00000000,0.00000000,0.000,0.000,-5090454.816,0.000,-9824023.011,0.000,0.000,0.000,0.000,0.000,0.000,0.000,0.000,0.000,0.000,0.600,0.001,0.600,0.000,0.600,0.000,0.000,0.600,0.000
1970-01-01 05:23:22,0，0.00000000,0.00000000,0.000,0.000,-5090454.816,0.000,-9824023.011,0.000,0.000,0.000,0.000,0.000,0.000,0.000,0.000,0.000,0.000,0.600,0.001,0.600,0.000,0.600,0.000,0.000,0.600,0.000
1970-01-01 05:23:22,0，0.00000000,0.00000000,0.000,0.000,-5090454.816,0.000,-9824023.011,0.000,0.000,0.000,0.000,0.000,0.000,0.000,0.000,0.000,0.000,0.600,0.001,0.600,0.000,0.600,0.000,0.000,0.600,0.000
1970-01-01 05:23:22,0，0.00000000,0.00000000,0.000,0.000,-5090454.816,0.000,-9824023.011,0.000,0.000,0.000,0.000,0.000,0.000,0.000,0.000,0.000,0.000,0.600,0.001,0.600,0.000,0.600,0.000,0.000,0.600,0.000
1970-01-01 05:23:23,0，0.00000000,0.00000000,0.000,0.000,-5090454.816,0.000,-9824023.011,0.000,0.000,0.000,0.000,0.000,0.000,0.000,0.000,0.000,0.000,0.600,0.001,0.600,0.000,0.600,0.000,0.000,0.600,0.000
1970-01-01 05:23:23,0，0.00000000,0.00000000,0.000,0.000,-5090454.816,0.000,-9824023.011,0.000,0.000,0.000,0.000,0.000,0.000,0.000,0.000,0.000,0.000,0.600,0.001,0.600,0.000,0.600,0.000,0.000,0.600,0.000
1970-01-01 05:23:23,0，0.00000000,0.00000000,0.000,0.000,-5090454.816,0.000,-9824023.011,0.000,0.000,0.000,0.000,0.000,0.000,0.000,0.000,0.000,0.000,0.600,0.001,0.600,0.000,0.600,0.000,0.000,0.600,0.000
1970-01-01 05:23:23,0，0.00000000,0.00000000,0.000,0.000,-5090454.816,0.000,-9824023.011,0.000,0.000,0.000,0.000,0.000,0.000,0.000,0.000,0.000,0.000,0.600,0.001,0.600,0.000,0.600,0.000,0.000,0.600,0.000
1970-01-01 05:23:23,0，0.00000000,0.00000000,0.000,0.000,-5090454.816,0.000,-9824023.011,0.000,0.000,0.000,0.000,0.000,0.000,0.000,0.000,0.000,0.000,0.600,0.001,0.600,0.000,0.600,0.000,0.000,0.600,0.000
1970-01-01 05:23:23,0，0.00000000,0.00000000,0.000,0.000,-5090454.816,0.000,-9824023.011,0.000,0.000,0.000,0.000,0.000,0.000,0.000,0.000,0.000,0.000,0.600,0.001,0.600,0.000,0.600,0.000,0.000,0.600,0.000
1970-01-01 05:23:23,0，0.00000000,0.00000000,0.000,0.000,-5090454.816,0.000,-9824023.011,0.000,0.000,0.000,0.000,0.000,0.000,0.000,0.000,0.000,0.000,0.600,0.001,0.600,0.000,0.600,0.000,0.000,0.600,0.000
1970-01-01 05:23:23,0，0.00000000,0.00000000,0.000,0.000,-5090454.816,0.000,-9824023.011,0.000,0.000,0.000,0.000,0.000,0.000,0.000,0.000,0.000,0.000,0.600,0.001,0.600,0.000,0.600,0.000,0.000,0.600,0.000
1970-01-01 05:23:23,0，0.00000000,0.00000000,0.000,0.000,-5090454.816,0.000,-9824023.011,0.000,0.000,0.000,0.000,0.000,0.000,0.000,0.000,0.000,0.000,0.600,0.001,0.600,0.000,0.600,0.000,0.000,0.600,0.000
1970-01-01 05:23:23,0，0.00000000,0.00000000,0.000,0.000,-5090454.816,0.000,-9824023.011,0.000,0.000,0.000,0.000,0.000,0.000,0.000,0.000,0.000,0.000,0.600,0.001,0.600,0.000,0.600,0.000,0.000,0.600,0.000
1970-01-01 05:23:24,0，0.00000000,0.00000000,0.000,0.000,-5090454.816,0.000,-9824023.011,0.000,0.000,0.000,0.000,0.000,0.000,0.000,0.000,0.000,0.000,0.600,0.001,0.600,0.000,0.600,0.000,0.000,0.600,0.000
1970-01-01 05:23:24,0，0.00000000,0.00000000,0.000,0.000,-5090454.816,0.000,-9824023.011,0.000,0.000,0.000,0.000,0.000,0.000,0.000,0.000,0.000,0.000,0.600,0.001,0.600,0.000,0.600,0.000,0.000,0.600,0.000
1970-01-01 05:23:24,0，0.00000000,0.00000000,0.000,0.000,-5090454.816,0.000,-9824023.011,0.000,0.000,0.000,0.000,0.000,0.000,0.000,0.000,0.000,0.000,0.600,0.001,0.600,0.000,0.600,0.000,0.000,0.600,0.000
1970-01-01 05:23:24,0，0.00000000,0.00000000,0.000,0.000,-5090454.816,0.000,-9824023.011,0.000,0.000,0.000,0.000,0.000,0.000,0.000,0.000,0.000,0.000,0.600,0.001,0.600,0.000,0.600,0.000,0.000,0.600,0.000
1970-01-01 05:23:24,0，0.00000000,0.00000000,0.000,0.000,-5090454.816,0.000,-9824023.011,0.000,0.000,0.000,0.000,0.000,0.000,0.000,0.000,0.000,0.000,0.600,0.001,0.600,0.000,0.600,0.000,0.000,0.600,0.000
1970-01-01 05:23:24,0，0.00000000,0.00000000,0.000,0.000,-5090454.816,0.000,-9824023.011,0.000,0.000,0.000,0.000,0.000,0.000,0.000,0.000,0.000,0.000,0.600,0.001,0.600,0.000,0.600,0.000,0.000,0.600,0.000
1970-01-01 05:23:24,0，0.00000000,0.00000000,0.000,0.000,-5090454.816,0.000,-9824023.011,0.000,0.000,0.000,0.000,0.000,0.000,0.000,0.000,0.000,0.000,0.600,0.001,0.600,0.000,0.600,0.000,0.000,0.600,0.000
1970-01-01 05:23:24,0，0.00000000,0.00000000,0.000,0.000,-5090454.816,0.000,-9824023.011,0.000,0.000,0.000,0.000,0.000,0.000,0.000,0.000,0.000,0.000,0.600,0.001,0.600,0.000,0.600,0.000,0.000,0.600,0.000
1970-01-01 05:23:24,0，0.00000000,0.00000000,0.000,0.000,-5090454.816,0.000,-9824023.011,0.000,0.000,0.000,0.000,0.000,0.000,0.000,0.000,0.000,0.000,0.600,0.001,0.600,0.000,0.600,0.000,0.000,0.600,0.000
1970-01-01 05:23:24,0，0.00000000,0.00000000,0.000,0.000,-5090454.816,0.000,-9824023.011,0.000,0.000,0.000,0.000,0.000,0.000,0.000,0.000,0.000,0.000,0.600,0.001,0.600,0.000,0.600,0.000,0.000,0.600,0.000
1970-01-01 05:23:25,0，0.00000000,0.00000000,0.000,0.000,-5090454.816,0.000,-9824023.011,0.000,0.000,0.000,0.000,0.000,0.000,0.000,0.000,0.000,0.000,0.600,0.001,0.600,0.000,0.600,0.000,0.000,0.600,0.000
1970-01-01 05:23:25,0，0.00000000,0.00000000,0.000,0.000,-5090454.816,0.000,-9824023.011,0.000,0.000,0.000,0.000,0.000,0.000,0.000,0.000,0.000,0.000,0.600,0.001,0.600,0.000,0.600,0.000,0.000,0.600,0.000
1970-01-01 05:23:25,0，0.00000000,0.00000000,0.000,0.000,-5090454.816,0.000,-9824023.011,0.000,0.000,0.000,0.000,0.000,0.000,0.000,0.000,0.000,0.000,0.600,0.001,0.600,0.000,0.600,0.000,0.000,0.600,0.000
1970-01-01 05:23:25,0，0.00000000,0.00000000,0.000,0.000,-5090454.816,0.000,-9824023.011,0.000,0.000,0.000,0.000,0.000,0.000,0.000,0.000,0.000,0.000,0.600,0.001,0.600,0.000,0.600,0.000,0.000,0.600,0.000
1970-01-01 05:23:25,0，0.00000000,0.00000000,0.000,0.000,-5090454.816,0.000,-9824023.011,0.000,0.000,0.000,0.000,0.000,0.000,0.000,0.000,0.000,0.000,0.600,0.001,0.600,0.000,0.600,0.000,0.000,0.600,0.000
1970-01-01 05:23:25,0，0.00000000,0.00000000,0.000,0.000,-5090454.816,0.000,-9824023.011,0.000,0.000,0.000,0.000,0.000,0.000,0.000,0.000,0.000,0.000,0.600,0.001,0.600,0.000,0.600,0.000,0.000,0.600,0.000
1970-01-01 05:23:25,0，0.00000000,0.00000000,0.000,0.000,-5090454.816,0.000,-9824023.011,0.000,0.000,0.000,0.000,0.000,0.000,0.000,0.000,0.000,0.000,0.600,0.001,0.600,0.000,0.600,0.000,0.000,0.600,0.000
1970-01-01 05:23:25,0，0.00000000,0.00000000,0.000,0.000,-5090454.816,0.000,-9824023.011,0.000,0.000,0.000,0.000,0.000,0.000,0.000,0.000,0.000,0.000,0.600,0.001,0.600,0.000,0.600,0.000,0.000,0.600,0.000
1970-01-01 05:23:25,0，0.00000000,0.00000000,0.000,0.000,-5090454.816,0.000,-9824023.011,0.000,0.000,0.000,0.000,0.000,0.000,0.000,0.000,0.000,0.000,0.600,0.001,0.600,0.000,0.600,0.000,0.000,0.600,0.000
1970-01-01 05:23:25,0，0.00000000,0.00000000,0.000,0.000,-5090454.816,0.000,-9824023.011,0.000,0.000,0.000,0.000,0.000,0.000,0.000,0.000,0.000,0.000,0.600,0.001,0.600,0.000,0.600,0.000,0.000,0.600,0.000
1970-01-01 05:23:26,0，0.00000000,0.00000000,0.000,0.000,-5090454.816,0.000,-9824023.011,0.000,0.000,0.000,0.000,0.000,0.000,0.000,0.000,0.000,0.000,0.600,0.001,0.600,0.000,0.600,0.000,0.000,0.600,0.000
1970-01-01 05:23:26,0，0.00000000,0.00000000,0.000,0.000,-5090454.816,0.000,-9824023.011,0.000,0.000,0.000,0.000,0.000,0.000,0.000,0.000,0.000,0.000,0.600,0.001,0.600,0.000,0.600,0.000,0.000,0.600,0.000
1970-01-01 05:23:26,0，0.00000000,0.00000000,0.000,0.000,-5090454.816,0.000,-9824023.011,0.000,0.000,0.000,0.000,0.000,0.000,0.000,0.000,0.000,0.000,0.600,0.001,0.600,0.000,0.600,0.000,0.000,0.600,0.000
1970-01-01 05:23:26,0，0.00000000,0.00000000,0.000,0.000,-5090454.816,0.000,-9824023.011,0.000,0.000,0.000,0.000,0.000,0.000,0.000,0.000,0.000,0.000,0.600,0.001,0.600,0.000,0.600,0.000,0.000,0.600,0.000
1970-01-01 05:23:26,0，0.00000000,0.00000000,0.000,0.000,-5090454.816,0.000,-9824023.011,0.000,0.000,0.000,0.000,0.000,0.000,0.000,0.000,0.000,0.000,0.600,0.001,0.600,0.000,0.600,0.000,0.000,0.600,0.000
1970-01-01 05:23:26,0，0.00000000,0.00000000,0.000,0.000,-5090454.816,0.000,-9824023.011,0.000,0.000,0.000,0.000,0.000,0.000,0.000,0.000,0.000,0.000,0.600,0.001,0.600,0.000,0.600,0.000,0.000,0.600,0.000
1970-01-01 05:23:26,0，0.00000000,0.00000000,0.000,0.000,-5090454.816,0.000,-9824023.011,0.000,0.000,0.000,0.000,0.000,0.000,0.000,0.000,0.000,0.000,0.600,0.001,0.600,0.000,0.600,0.000,0.000,0.600,0.000
1970-01-01 05:23:26,0，0.00000000,0.00000000,0.000,0.000,-5090454.816,0.000,-9824023.011,0.000,0.000,0.000,0.000,0.000,0.000,0.000,0.000,0.000,0.000,0.600,0.001,0.600,0.000,0.600,0.000,0.000,0.600,0.000
1970-01-01 05:23:26,0，0.00000000,0.00000000,0.000,0.000,-5090454.816,0.000,-9824023.011,0.000,0.000,0.000,0.000,0.000,0.000,0.000,0.000,0.000,0.000,0.600,0.001,0.600,0.000,0.600,0.000,0.000,0.600,0.000
1970-01-01 05:23:27,0，0.00000000,0.00000000,0.000,0.000,-5090454.816,0.000,-9824023.011,0.000,0.000,0.000,0.000,0.000,0.000,0.000,0.000,0.000,0.000,0.600,0.001,0.600,0.000,0.600,0.000,0.000,0.600,0.000
1970-01-01 05:23:27,0，0.00000000,0.00000000,0.000,0.000,-5090454.816,0.000,-9824023.011,0.000,0.000,0.000,0.000,0.000,0.000,0.000,0.000,0.000,0.000,0.600,0.001,0.600,0.000,0.600,0.000,0.000,0.600,0.000
1970-01-01 05:23:27,0，0.00000000,0.00000000,0.000,0.000,-5090454.816,0.000,-9824023.011,0.000,0.000,0.000,0.000,0.000,0.000,0.000,0.000,0.000,0.000,0.600,0.001,0.600,0.000,0.600,0.000,0.000,0.600,0.000
1970-01-01 05:23:27,0，0.00000000,0.00000000,0.000,0.000,-5090454.816,0.000,-9824023.011,0.000,0.000,0.000,0.000,0.000,0.000,0.000,0.000,0.000,0.000,0.600,0.001,0.600,0.000,0.600,0.000,0.000,0.600,0.000
1970-01-01 05:23:27,0，0.00000000,0.00000000,0.000,0.000,-5090454.816,0.000,-9824023.011,0.000,0.000,0.000,0.000,0.000,0.000,0.000,0.000,0.000,0.000,0.600,0.001,0.600,0.000,0.600,0.000,0.000,0.600,0.000
1970-01-01 05:23:27,0，0.00000000,0.00000000,0.000,0.000,-5090454.816,0.000,-9824023.011,0.000,0.000,0.000,0.000,0.000,0.000,0.000,0.000,0.000,0.000,0.600,0.001,0.600,0.000,0.600,0.000,0.000,0.600,0.000
1970-01-01 05:23:27,0，0.00000000,0.00000000,0.000,0.000,-5090454.816,0.000,-9824023.011,0.000,0.000,0.000,0.000,0.000,0.000,0.000,0.000,0.000,0.000,0.600,0.001,0.600,0.000,0.600,0.000,0.000,0.600,0.000
1970-01-01 05:23:27,0，0.00000000,0.00000000,0.000,0.000,-5090454.816,0.000,-9824023.011,0.000,0.000,0.000,0.000,0.000,0.000,0.000,0.000,0.000,0.000,0.600,0.001,0.600,0.000,0.600,0.000,0.000,0.600,0.000
1970-01-01 05:23:27,0，0.00000000,0.00000000,0.000,0.000,-5090454.816,0.000,-9824023.011,0.000,0.000,0.000,0.000,0.000,0.000,0.000,0.000,0.000,0.000,0.600,0.001,0.600,0.000,0.600,0.000,0.000,0.600,0.000
1970-01-01 05:23:27,0，0.00000000,0.00000000,0.000,0.000,-5090454.816,0.000,-9824023.011,0.000,0.000,0.000,0.000,0.000,0.000,0.000,0.000,0.000,0.000,0.600,0.001,0.600,0.000,0.600,0.000,0.000,0.600,0.000
1970-01-01 05:23:28,0，0.00000000,0.00000000,0.000,0.000,-5090454.816,0.000,-9824023.011,0.000,0.000,0.000,0.000,0.000,0.000,0.000,0.000,0.000,0.000,0.600,0.001,0.600,0.000,0.600,0.000,0.000,0.600,0.000
1970-01-01 05:23:28,0，0.00000000,0.00000000,0.000,0.000,-5090454.816,0.000,-9824023.011,0.000,0.000,0.000,0.000,0.000,0.000,0.000,0.000,0.000,0.000,0.600,0.001,0.600,0.000,0.600,0.000,0.000,0.600,0.000
1970-01-01 05:23:28,0，0.00000000,0.00000000,0.000,0.000,-5090454.816,0.000,-9824023.011,0.000,0.000,0.000,0.000,0.000,0.000,0.000,0.000,0.000,0.000,0.600,0.001,0.600,0.000,0.600,0.000,0.000,0.600,0.000
1970-01-01 05:23:28,0，0.00000000,0.00000000,0.000,0.000,-5090454.816,0.000,-9824023.011,0.000,0.000,0.000,0.000,0.000,0.000,0.000,0.000,0.000,0.000,0.600,0.001,0.600,0.000,0.600,0.000,0.000,0.600,0.000
1970-01-01 05:23:28,0，0.00000000,0.00000000,0.000,0.000,-5090454.816,0.000,-9824023.011,0.000,0.000,0.000,0.000,0.000,0.000,0.000,0.000,0.000,0.000,0.600,0.001,0.600,0.000,0.600,0.000,0.000,0.600,0.000
1970-01-01 05:23:28,0，0.00000000,0.00000000,0.000,0.000,-5090454.816,0.000,-9824023.011,0.000,0.000,0.000,0.000,0.000,0.000,0.000,0.000,0.000,0.000,0.600,0.001,0.600,0.000,0.600,0.000,0.000,0.600,0.000
